pencil 20.00 50
book 20.00 50
done 0.00 0
 0.00 0
 0.00 0
 0.00 0
 0.00 0
 0.00 0
 0.00 0
 0.00 0
 0.00 0
 0.00 0
 0.00 0
 0.00 0
 0.00 0
 0.00 0
 0.00 0
 0.00 0
 0.00 0
 0.00 0
 0.00 0
 0.00 0
 0.00 0
 0.00 0
 0.00 0
 0.00 0
 0.00 0
 0.00 0
 0.00 0
 0.00 0
 0.00 0
 0.00 0
 0.00 0
 0.00 0
 0.00 0
 0.00 0
 0.00 0
 0.00 0
 0.00 0
 0.00 0
 0.00 0
 0.00 0
 0.00 0
 0.00 0
 0.00 0
 0.00 0
 0.00 0
 0.00 0
 0.00 0
 0.00 0
 0.00 0
 0.00 0
 0.00 0
 0.00 0
 0.00 0
 0.00 0
 0.00 0
 0.00 0
 0.00 0
 0.00 0
 0.00 0
 0.00 0
 0.00 0
 0.00 0
 0.00 0
 0.00 0
 0.00 0
 0.00 0
 0.00 0
 0.00 0
 0.00 0
 0.00 0
 0.00 0
 0.00 0
 0.00 0
 0.00 0
 0.00 0
 0.00 0
 0.00 0
 0.00 0
 0.00 0
 0.00 0
 0.00 0
 0.00 0
 0.00 0
 0.00 0
 0.00 0
 0.00 0
 0.00 0
 0.00 0
 0.00 0
 0.00 0
 0.00 0
 0.00 0
 0.00 0
 0.00 0
 0.00 0
 0.00 0
 0.00 0
 0.00 0
